3,480,180
3,480,540
1,720,300
1,720,420
6,960,300
6,960,420
2,1080,180
4,1080,300
4,1080,420
2,1080,540
5,1200,180
5,1200,540
6,1440,180
6,1440,300
6,1440,420
6,1440,540
1,1680,180
1,1680,300
1,1680,420
1,1680,540
2,1920,180
1,1920,300
2,1920,420
1,1920,540
1,2160,300
6,2160,540
5,2400,180
2,2400,300
5,2400,420
2,2400,540
3,2880,300
3,2880,540
4,3120,180
4,3120,300
4,3120,420
6,3360,180
1,3360,300
1,3360,420
6,3360,540
4,3480,180
5,3480,300
5,3480,420
4,3480,540
3,3720,300
3,3720,420
6,4080,300
6,4080,420
3,4320,180
4,4320,300
4,4320,420
3,4320,540
2,4560,180
2,4560,300
2,4560,420
2,4560,540
6,4680,180
6,4680,300
6,4680,420
6,4680,540
1,4920,180
1,4920,540
3,5160,420
3,5280,180
5,5280,300
3,5400,420
2,5520,180
2,5520,420
3,5520,540
3,5640,300
5,5640,540
3,5760,300
3,5880,420
1,6000,180
1,6000,300
1,6000,420
1,6000,540
2,6120,180
2,6120,300
2,6120,420
2,6120,540
6,6360,180
6,6360,300
6,6360,420
6,6360,540
2,6600,300
2,6600,540
2,6720,300
2,6720,540
4,6960,180
4,6960,420
4,6960,540
2,7080,180
2,7080,420
6,7200,180
1,7200,300
6,7200,420
5,7200,540
3,7320,180
3,7320,300
3,7320,420
3,7440,180
5,7560,180
5,7560,420
1,7560,540
4,7680,300
1,7920,180
5,7920,300
1,7920,420
5,7920,540
3,8160,300
3,8160,540
6,8400,180
6,8400,300
6,8400,420
6,8400,540
1,8640,300
6,8760,180
6,8760,300
6,8760,420
6,8760,540
3,9000,420
6,9120,180
6,9120,300
6,9120,420
6,9120,540
5,9960,180
5,9960,300
5,9960,420
5,9960,540
6,10440,180
6,10440,300
6,10440,420
6,10440,540
4,10680,180
4,10680,300
4,10680,420
4,10680,560
2,11040,180
1,11040,300
1,11040,420
1,11040,540
5,11160,540
6,11400,180
6,11400,540
6,11640,300
6,11640,420
4,11760,300
4,11760,420
1,12000,180
2,12000,300
2,12000,420
1,12000,540
3,12240,300
5,12240,420
3,12360,420
3,12480,180
6,12480,540
3,12600,180
3,12600,540
3,12720,420
1,12960,300
3,12960,540
2,13080,180
3,13080,540
1,13440,180
3,13440,300
3,13440,420
1,13440,540
6,13680,300
6,13680,420
1,13920,180
5,13920,300
5,13920,420
1,13920,540
5,14160,180
4,14160,300
4,14160,420
5,14160,540
3,14520,180
3,14520,540
5,14760,180
5,14760,540
1,15000,180
1,15000,300
1,15000,420
1,15000,540
6,15120,180
6,15120,300
6,15120,420
6,15120,540
7,15480,180
